easy:
r= [[0,3,0,0,8,5,4,9,1],
    [6,0,4,7,3,0,8,5,0],
    [0,9,0,1,4,2,7,0,3],
    [0,2,6,4,0,8,3,1,0],
    [0,4,3,0,0,1,9,7,8],
    [1,0,8,5,0,3,6,2,0],
    [3,6,0,8,0,0,5,4,9],
    [4,0,9,3,1,6,0,0,7],
    [7,8,0,0,5,0,1,3,6]]

medium:
r= [[0,0,0,5,0,0,6,4,0],
    [0,0,9,6,3,0,0,1,8],
    [0,6,1,4,0,9,2,0,0],
    [0,0,0,0,0,1,8,0,3],
    [7,0,0,3,0,5,0,0,1],
    [2,0,3,9,0,0,0,0,0],
    [0,0,2,8,0,6,4,5,0],
    [6,7,0,0,5,4,3,0,0],
    [0,5,4,0,0,3,0,0,0]]

hard:
r= [[4,0,0,0,0,7,0,8,0],
    [0,8,0,0,0,0,2,0,1],
    [0,0,0,6,8,0,5,0,4],
    [0,0,5,0,0,1,0,0,6],
    [0,0,0,0,9,0,0,0,0],
    [2,0,0,5,0,0,7,0,0],
    [5,0,2,0,7,3,0,0,0],
    [1,0,9,0,0,0,0,4,0],
    [0,6,0,4,0,0,0,0,7]]

worlds hardest:
r= [[8,0,0,0,0,0,0,0,0],
   [0,0,3,6,0,0,0,0,0],
   [0,7,0,0,9,0,2,0,0],
   [0,5,0,0,0,7,0,0,0],
   [0,0,0,0,4,5,7,0,0],
   [0,0,0,1,0,0,0,3,0],
   [0,0,1,0,0,0,0,6,8],
   [0,0,8,5,0,0,0,1,0],
   [0,9,0,0,0,0,4,0,0]]